##TITLE= Parameter file, TOPSPIN		Version 3.2
##JCAMPDX= 5.0
##DATATYPE= Parameter Values
##NPOINTS= 8	$$ modification sequence number
##ORIGIN= Bruker BioSpin GmbH
##OWNER= ogj
$$ 2016-03-04 15:51:12.475 +0000  ogj@tor.chem.soton.ac.uk
$$ /opt/pv51/data/graeme/nmr/glucose-361/15/pdata/1/clevels
$$ process /opt/topspin3.2/prog/mod/dataserver
##$LEVELS= (0..255)
-108931.162258756 -60517.3123659756 -33620.7290922086 -18678.1828290048
-10376.768238336 -5764.87124352 -3202.7062464 -1779.281248 1779.281248
3202.7062464 5764.87124352 10376.768238336 18678.1828290048 33620.7290922086
60517.3123659756 108931.162258756 0 0 0 0 0 0 0 0 0 0 0 0 0 0 0 0 0 0 0
0 0 0 0 0 0 0 0 0 0 0 0 0 0 0 0 0 0 0 0 0 0 0 0 0 0 0 0 0 0 0 0 0 0 0 0
0 0 0 0 0 0 0 0 0 0 0 0 0 0 0 0 0 0 0 0 0 0 0 0 0 0 0 0 0 0 0 0 0 0 0 0
0 0 0 0 0 0 0 0 0 0 0 0 0 0 0 0 0 0 0 0 0 0 0 0 0 0 0 0 0 0 0 0 0 0 0 0
0 0 0 0 0 0 0 0 0 0 0 0 0 0 0 0 0 0 0 0 0 0 0 0 0 0 0 0 0 0 0 0 0 0 0 0
0 0 0 0 0 0 0 0 0 0 0 0 0 0 0 0 0 0 0 0 0 0 0 0 0 0 0 0 0 0 0 0 0 0 0 0
0 0 0 0 0 0 0 0 0 0 0 0 0 0 0 0 0 0 0 0 0 0 0 0 0 0 0 0 0 0 0 0 0 0 0 0
0 0 0 0 0
##$LEVSIGN= 3
##$MAXLEV= 8
##$METHOD= 0
##$NEGBASE= -1779.281248
##$NEGINCR= 1.8
##$POSBASE= 1779.281248
##$POSINCR= 1.8
##END=
