# This file gives a closer overview about the occurrences of ADC overflows
# during the last acquisition.
# It is updated each time an FID is written to disk.
# 'Scans' denotes the number of scans that have been acquired for the current FID buffer,
# 'Experiment' the number of the current FID buffer 
# (which may be >1 in case of multi dimensional acquisition),
# 'Overflows' the total number of ADC overflows (if existing) that appeared during 'Scans'
# scans in FID buffer 'Experiment'.
# In case a multi-dimensional experiment is fully executed in the FID buffer of the DRU
# (i.e. using 'st' commands) only the sum of all overflows over all experiments is displayed.
# Note that the number of overflows may exceed the actual number of scans
# since there may be more than one overflow per scan.


# Scans   Experiment   Overflows
# ------------------------------
8   1   16
8   2   15
8   3   17
8   4   17
8   5   17
8   6   17
8   7   17
8   8   17
8   9   17
8   10   17
8   11   17
8   12   17
8   13   17
8   14   17
8   15   17
8   16   17
8   17   17
8   18   17
8   19   17
8   20   17
8   21   17
8   22   17
8   23   17
8   24   17
8   25   17
8   26   17
8   27   17
8   28   16
8   29   17
8   30   16
8   31   17
8   32   17
8   33   17
8   34   17
8   35   17
8   36   17
8   37   17
8   38   17
8   39   17
8   40   16
8   41   17
8   42   17
8   43   17
8   44   17
8   45   17
8   46   17
8   47   17
8   48   17
8   49   17
8   50   17
8   51   17
8   52   17
8   53   17
8   54   17
8   55   17
8   56   17
8   57   17
8   58   17
8   59   17
8   60   17
8   61   17
8   62   17
8   63   17
8   64   17
8   65   17
8   66   17
8   67   17
8   68   17
8   69   17
8   70   17
8   71   17
8   72   17
8   73   17
8   74   17
8   75   17
8   76   17
8   77   17
8   78   16
8   79   17
8   80   17
8   81   17
8   82   17
8   83   17
8   84   17
8   85   17
8   86   17
8   87   17
8   88   17
8   89   17
8   90   17
8   91   17
8   92   17
8   93   17
8   94   17
8   95   16
8   96   17
8   97   17
8   98   17
8   99   17
8   100   17
8   101   17
8   102   17
8   103   17
8   104   17
8   105   17
8   106   17
8   107   17
8   108   17
8   109   17
8   110   17
8   111   17
8   112   17
8   113   17
8   114   17
8   115   17
8   116   17
8   117   17
8   118   17
8   119   16
8   120   17
8   121   17
8   122   17
8   123   17
8   124   17
8   125   17
8   126   17
8   127   17
8   128   17
8   129   17
8   130   17
8   131   17
8   132   17
8   133   17
8   134   17
8   135   17
8   136   17
8   137   17
8   138   17
8   139   17
8   140   17
8   141   17
8   142   17
8   143   17
8   144   17
8   145   17
8   146   17
8   147   17
8   148   17
8   149   17
8   150   17
8   151   17
8   152   17
8   153   17
8   154   17
8   155   16
8   156   17
8   157   17
8   158   17
8   159   17
8   160   17
8   161   17
8   162   17
8   163   17
8   164   17
8   165   16
8   166   17
8   167   17
8   168   17
8   169   17
8   170   17
8   171   17
8   172   17
8   173   17
8   174   17
8   175   17
8   176   17
8   177   17
8   178   17
8   179   17
8   180   17
8   181   17
8   182   17
8   183   17
8   184   17
8   185   17
8   186   16
8   187   17
8   188   17
8   189   16
8   190   16
8   191   17
8   192   17
8   193   17
8   194   17
8   195   17
8   196   17
8   197   17
8   198   17
8   199   17
8   200   17
8   201   17
8   202   16
8   203   17
8   204   17
8   205   17
8   206   17
8   207   17
8   208   17
8   209   16
8   210   17
8   211   17
8   212   17
8   213   17
8   214   17
8   215   16
8   216   17
8   217   17
8   218   17
8   219   17
8   220   17
8   221   17
8   222   17
8   223   17
8   224   17
8   225   17
8   226   17
8   227   17
8   228   17
8   229   17
8   230   16
8   231   16
8   232   17
8   233   17
8   234   17
8   235   17
8   236   16
8   237   16
8   238   17
8   239   17
8   240   17
8   241   17
8   242   17
8   243   17
8   244   17
8   245   16
8   246   17
8   247   17
8   248   17
8   249   16
8   250   17
8   251   17
8   252   16
8   253   17
8   254   17
8   255   17
8   256   17
8   257   17
8   258   17
8   259   17
8   260   17
8   261   17
8   262   16
8   263   16
8   264   16
8   265   17
8   266   17
8   267   17
8   268   17
8   269   17
8   270   16
8   271   17
8   272   17
8   273   17
8   274   17
8   275   17
8   276   16
8   277   17
8   278   17
8   279   16
8   280   16
8   281   16
8   282   16
8   283   16
8   284   16
8   285   17
8   286   16
8   287   16
8   288   17
8   289   17
8   290   16
8   291   17
8   292   16
8   293   16
8   294   16
8   295   16
8   296   16
8   297   16
8   298   16
8   299   17
8   300   16
8   301   16
8   302   16
8   303   17
8   304   16
8   305   17
8   306   16
8   307   16
8   308   16
8   309   16
8   310   16
8   311   16
8   312   16
8   313   16
8   314   16
8   315   16
8   316   16
8   317   16
8   318   16
8   319   16
8   320   16
8   321   16
8   322   16
8   323   16
8   324   16
8   325   16
8   326   16
8   327   16
8   328   16
8   329   16
8   330   16
8   331   16
8   332   16
8   333   16
8   334   16
8   335   16
8   336   16
8   337   16
8   338   16
8   339   16
8   340   16
8   341   16
8   342   16
8   343   16
8   344   16
8   345   16
8   346   16
8   347   17
8   348   16
8   349   16
8   350   16
8   351   17
8   352   16
8   353   16
8   354   16
8   355   16
8   356   16
8   357   16
8   358   16
8   359   16
8   360   17
8   361   16
8   362   16
8   363   16
8   364   16
8   365   16
8   366   16
8   367   16
8   368   17
8   369   16
8   370   16
8   371   16
8   372   16
8   373   16
8   374   16
8   375   16
8   376   16
8   377   17
8   378   16
8   379   16
8   380   16
8   381   16
8   382   16
8   383   16
8   384   16
8   385   16
8   386   16
8   387   16
8   388   16
8   389   16
8   390   16
8   391   16
8   392   16
8   393   16
8   394   16
8   395   16
8   396   16
8   397   16
8   398   16
8   399   16
8   400   16
8   401   16
8   402   16
8   403   16
8   404   16
8   405   16
8   406   16
8   407   16
8   408   16
8   409   16
8   410   16
8   411   16
8   412   16
8   413   16
8   414   16
8   415   16
8   416   16
8   417   17
8   418   16
8   419   16
8   420   16
8   421   16
8   422   16
8   423   16
8   424   16
8   425   16
8   426   16
8   427   16
8   428   16
8   429   16
8   430   16
8   431   16
8   432   16
8   433   16
8   434   16
8   435   16
8   436   16
8   437   16
8   438   16
8   439   16
8   440   16
8   441   16
8   442   16
8   443   16
8   444   16
8   445   16
8   446   16
8   447   16
8   448   16
8   449   16
8   450   16
8   451   16
8   452   16
8   453   16
8   454   16
8   455   16
8   456   16
8   457   16
8   458   16
8   459   16
8   460   16
8   461   16
8   462   16
8   463   16
8   464   16
8   465   16
8   466   16
8   467   16
8   468   16
8   469   16
8   470   16
8   471   16
8   472   16
8   473   16
8   474   16
8   475   16
8   476   16
8   477   16
8   478   16
8   479   16
8   480   16
8   481   16
8   482   16
8   483   16
8   484   16
8   485   16
8   486   16
8   487   16
8   488   16
8   489   16
8   490   16
8   491   16
8   492   16
8   493   16
8   494   16
8   495   16
8   496   16
8   497   16
8   498   16
8   499   16
8   500   16
8   501   16
8   502   16
8   503   16
8   504   16
8   505   16
8   506   16
8   507   16
8   508   16
8   509   17
8   510   16
8   511   16
8   512   16
